ET,32,16,ETTh1,2.3340542561475566,2.2043738264984873,2.421343918305449,2.255556147705238
ET,32,16,ETTh2,2.2287673243403887,2.1638868850461153,2.273060414739533,2.2208337941616585
ET,32,16,ETTm1,3.1726828433870007,3.1464060837236123,3.208683326480503,3.139720739606378
ET,32,16,ETTm2,4.433894830548947,4.504827032535125,4.5467967083203815,4.466518846636258
power,32,16,power,2.770055423836412,2.4952664728097402,2.7258737601403316,2.5190383237062894
covid19Deaths,32,16,covid19Deaths,29.627714822692248,27.60919228923179,27.349898845756446,25.87218266535413
electricityUCI,32,16,electricity,5.626980942264749,5.2986999475981955,5.53158616871508,5.290760005402189
fredMd,32,16,fredMd,4.398765588582712,4.42310435509107,4.299710155831521,4.139813604780212
nn5,32,16,nn5,0.7489732158155308,0.6325396255753464,0.6615215301517727,0.6649945044914748
m4-monthly,32,16,m4-monthly,3.031475894199518,2.9590933429793864,2.9571843906923325,2.93859071346536
traffic,32,16,traffic,8.640101544946813,8.529677735203526,8.470531484235215,8.192903587265947
huaweiCloud,32,16,datacenter1,4.743771466679039,4.800615727027534,4.723314746136716,4.536855391128387
huaweiCloud,32,16,datacenter2,5.157827955199298,5.0996976772817435,5.085016900816926,4.957221495506557
huaweiCloud,32,16,datacenter3,2.9075954854405097,2.8309374655961355,2.8741535647081458,2.7261683395955125
huaweiCloud,32,16,datacenter4,18.333732858097154,18.323538733889563,18.361515216768897,18.357817928309398

ET,32,16,ETTh1,2.3522911675546756,2.2573254208201385,2.428411900297778,2.2522895358470687
ET,32,16,ETTh2,2.241117137946322,2.2140247155229633,2.2751861238543003,2.219982706751813
ET,32,16,ETTm1,3.1410777512615002,3.0924263349990655,3.214617683464336,3.1329131256663016
ET,32,16,ETTm2,4.403257869077389,4.499748735104126,4.551039818831189,4.468447976860233
power,32,16,power,2.790374297435852,2.483968804160069,2.7246503574495047,2.5197180582296803
covid19Deaths,32,16,covid19Deaths,29.24797893308598

ET,32,16,ETTh1,2.3187985021396407
ET,32,16,ETTh2,2.226978611745706
ET,32,16,ETTm1,3.1564302458524605
ET,32,16,ETTm2,4.4256156946623575
power,32,16,power,2.772104622899226
covid19Deaths,32,16,covid19Deaths,28.68719417693596
electricityUCI,32,16,electricity,5.515983135037836
fredMd,32,16,fredMd,4.370755363634822
nn5,32,16,nn5,0.718151354585355
ET,32,16,ETTh1,2.355618686611038
ET,32,16,ETTh2,2.2494416721161974
ET,32,16,ETTm1,3.1297647196951988
ET,32,16,ETTm2,4.406816858954052
power,32,16,power,2.7811794705958914
covid19Deaths,32,16,covid19Deaths,28.95672969247788
electricityUCI,32,16,electricity,5.487350293105576
fredMd,32,16,fredMd,4.374848062355584
nn5,32,16,nn5,0.7091678743041695
m4-monthly,32,16,m4-monthly,3.003841697589073
traffic,32,16,traffic,8.639739720524584
huaweiCloud,32,16,datacenter1,4.689499919684877
huaweiCloud,32,16,datacenter2,5.065121368452521
huaweiCloud,32,16,datacenter3,2.8576003715670244
huaweiCloud,32,16,datacenter4,18.3240756339601


ET,64,16,ETTh1,1.9612355802302595,1.9600714098162781,1.9415512285361727,1.9404165021959137
ET,128,16,ETTh1,1.6850578025681286,1.6456034680114984,1.6564015003199064,1.6563910873234302
ET,32,16,ETTh1,2.355517911762697,2.258493483764771,2.4291005796076997,2.4283779893263038
ET,64,16,ETTh2,1.889142333938398,1.879019005019038,1.8826030383280312,1.8810632921139592
ET,128,16,ETTh2,1.7775886239155305,1.6889236200885716,1.724103578639045,1.72692903623941
ET,32,16,ETTh2,2.23851230196756,2.2117116232854404,2.269737631966584,2.2736770432376243
ET,64,16,ETTm1,3.0417654822624276,3.0556441376639563,3.1245146837770763,3.1242703389937065
ET,128,16,ETTm1,3.05101310660526,3.034360718795102,3.0768023914486307,3.0830550466101116
ET,32,16,ETTm1,3.1279824988039655,3.094162308003249,3.210488090454193,3.2084107370407384
ET,64,16,ETTm2,3.4333413652131872,3.367180689570033,3.389909455652373,3.3940226301496796
ET,128,16,ETTm2,3.431208364293225,3.4758353447640973,3.486405947716286,3.4870914963450703
ET,32,16,ETTm2,4.406353391500779,4.5044043187360066,4.5512699029270935,4.551810948758013
power,32,16,power,2.7839599617913815,2.491965137960407,2.72554149982951,2.7285095484951354
power,64,16,power,2.4064160248112483,2.3566131528258265,2.375300353587801,2.3775579761898578
power,128,16,power,2.2764362441917485,2.212399064152681,2.229969472096208,2.2297178815693144
covid19Deaths,128,16,covid19Deaths,15.337043688891011,14.47772661899554,14.227791994982075,14.207724508851605
covid19Deaths,64,16,covid19Deaths,777.2706093673502,23.235778708327253,22.00718323050502,22.02285049376381
covid19Deaths,32,16,covid19Deaths,29.305889055268914,27.686482319466542,27.365263988697208,27.37332486011504
electricityUCI,128,16,electricity,3.7102374096567217,3.5002532172060343,3.6327526044789202,3.629674460310273
electricityUCI,32,16,electricity,5.484034002077119,5.2068047388270635,5.5297098174135835,5.53353116298332
electricityUCI,64,16,electricity,3.4280599093397184,3.224891582605427,3.334454153794402,3.336978518403551
fredMd,128,16,fredMd,4.715450190473555,4.675621525258903,4.642476339522154,4.642315996161975
fredMd,32,16,fredMd,4.375780049704875,4.360505128511303,4.300879561924625,4.303011920919582
fredMd,64,16,fredMd,4.144125173619135,4.020081205048288,4.014172377314591,4.012441417305202
nn5,128,16,nn5,0.605536457079692,0.5706683057575931,0.5729825417028472,0.5732185726302199
nn5,32,16,nn5,0.7100028980824985,0.6276752864387186,0.6614419593999284,0.6617671720103248
nn5,64,16,nn5,0.6499972509046317,0.6024805245642745,0.6021958060802172,0.6018934087718699
m4-monthly,128,16,m4-monthly,2.856757067782567,2.6952838265607904,2.7074192329113336,2.70763822325614
m4-monthly,32,16,m4-monthly,3.005268663001466,2.9600779224530473,2.9574898582475715,2.961743643969595
m4-monthly,64,16,m4-monthly,2.552548791887315,2.4702684962618213,2.4707228652083075,2.4707952408979463
traffic,128,16,traffic,8.002480071119367,7.821797702573318,7.754438393376824,7.756265877082057
traffic,32,16,traffic,8.647229335788776,8.508249401715306,8.470164583166866,8.470067686861286
huaweiCloud,128,16,datacenter1,4.620562730146932,4.2911821136320105,4.263562969430139,4.252673284042007
huaweiCloud,32,16,datacenter1,4.695013435192228,4.801469861745357,4.729153611756284,4.730586660264563
traffic,64,16,traffic,8.187038444851256,8.044807920399714,7.943393467353197,7.948228201211723
huaweiCloud,128,16,datacenter2,5.068380383074584,4.8480259975213205,4.834125450231462,4.837300045943754
huaweiCloud,32,16,datacenter2,5.066169093568108,5.093743823264129,5.088196624422523,5.084438654419712
huaweiCloud,64,16,datacenter1,5.022427667638778,4.876747526898771,4.714368687935484,4.71102902728473
huaweiCloud,128,16,datacenter3,3.06283623315084,3.004661358908457,2.993508201970594,2.991859751622375
huaweiCloud,32,16,datacenter3,2.8549223357965916,2.8213737218337744,2.871524812334788,2.876971884274412
huaweiCloud,64,16,datacenter2,22.266557729271057,22.203268368002814,22.149020249963673,22.155515263836552
huaweiCloud,128,16,datacenter4,2.900311297428766,2.867726129358591,2.97192829728665,2.9734494859421994
huaweiCloud,32,16,datacenter4,18.32384308976044,18.320135269624416,18.35992646022864,18.36278644512805
huaweiCloud,64,16,datacenter3,3.6560312840524842,3.547147707104517,3.5107081814222343,3.5112390582349873
huaweiCloud,64,16,datacenter4,18.264963149629295,18.27967664563253,18.366348881408896,18.360197064056482


ET,64,16,ETTh1,1.9437593751675424,1.956523259893547,1.9409319476856426,1.9417878957205739
ET,64,16,ETTh2,1.9157656409723696,1.8786032418211385,1.8816965304065132,1.8865559835761965
ET,64,16,ETTm1,2.960348727074503,3.0503294295460868,3.128486258717802,3.122662296780689
ET,64,16,ETTm2,3.3173521411796814,3.365069303496165,3.3902363856287665,3.389824389001578
ET,32,16,ETTh1,2.2290720695607638,2.2648998322650105,2.428267888209152,2.4259036765545594
power,64,16,power,2.353152315051198,2.3557930869807904,2.375330835883648,2.376180719056802
ET,32,16,ETTh2,2.198084054588497,2.207240357407964,2.271793895341867,2.271767967404826
ET,32,16,ETTm1,3.0581326788022984,3.101314630689436,3.2086500333669923,3.2135971754257633
ET,32,16,ETTm2,4.458654979533975,4.502927709599326,4.547736202575683,4.544891883686762
covid19Deaths,64,16,covid19Deaths,21.372659131918713,23.22469919989657,22.024096403828022,22.020417812778508
power,32,16,power,2.507243830931654,2.4913073074962724,2.7258388803906395,2.7256175387837462
electricityUCI,64,16,electricity,3.155004086881014,3.224457920235283,3.3355479035922997,3.335134891160408
covid19Deaths,32,16,covid19Deaths,26.647893468978978,27.689687680932213,27.363228112224213,27.356246336663265
fredMd,64,16,fredMd,3.9469422032503236,4.023188842749109,4.016740208551764,4.0128096020348085
electricityUCI,32,16,electricity,5.137631439951339,5.205939353897498,5.531838869098249,5.531531160610777
nn5,64,16,nn5,0.6138262790616715,0.6019359225871541,0.6021772075087846,0.6018412707165666
fredMd,32,16,fredMd,4.165980073458505,4.35597602047884,4.303262384642172,4.303816534133101
m4-monthly,64,16,m4-monthly,2.465187623741745,2.471605985825272,2.4715126988097795,2.470982503821378
nn5,32,16,nn5,0.6709027987349762,0.626913122280078,0.6612499619251555,0.6617083872162547
ET,128,16,ETTh1,1.6574062120659925,1.644870129138925,1.6563457354516176,1.6584787105921528
ET,128,16,ETTh2,1.6967676140827452,1.691176824488137,1.7243643886003264,1.729612357728634
ET,128,16,ETTm1,3.017969363382385,3.029538316091344,3.080876097972859,3.0796608021438057
m4-monthly,32,16,m4-monthly,2.9286466553541968,2.959965513689342,2.9571719061738864,2.958128384159814
ET,128,16,ETTm2,3.4282731625539316,3.478266077308212,3.4867591680642747,3.4876860873441724
traffic,64,16,traffic,7.736322753305352,8.041206588853107,7.941895763160214,7.942942866191567
huaweiCloud,64,16,datacenter1,4.752793979751341,4.874857103944833,4.71556629085367,4.715661039872523
huaweiCloud,64,16,datacenter2,22.132824483381675,22.20015379479714,22.153786338108905,22.149236298311067
huaweiCloud,64,16,datacenter3,3.4649082799373327,3.540514844152891,3.515327618100669,3.5092233496367893
traffic,32,16,traffic,8.182739717837773,8.512612755588192,8.468192529485886,8.472757107318238
power,128,16,power,2.2002900547188986,2.2123763665166325,2.227679309018466,2.229401010699411
huaweiCloud,64,16,datacenter4,18.23198996592831,18.273717461561194,18.3656227514775,18.367186349895782
huaweiCloud,32,16,datacenter1,4.587866078985908,4.808701520469405,4.728949220693563,4.725324423457902
covid19Deaths,128,16,covid19Deaths,13.916094534407664,14.477532577253955,14.212933022520467,14.213714314801088
huaweiCloud,32,16,datacenter2,4.979786445581757,5.0967327349269045,5.086345802206143,5.08711310852086
huaweiCloud,32,16,datacenter3,2.722847822371543,2.8212578824577967,2.870706516135304,2.875790863588522
huaweiCloud,32,16,datacenter4,18.36533463614937,18.323857731199926,18.360396205966982,18.36331941589554
electricityUCI,128,16,electricity,3.5870207635188778,3.499466201979396,3.6338781238404416,3.630109176149643
fredMd,128,16,fredMd,4.581684177335266,4.677641644323559,4.645475081257061,4.6457712971600715
nn5,128,16,nn5,0.5944759754294049,0.5705581591487795,0.5731484025803586,0.5729024418548799
m4-monthly,128,16,m4-monthly,2.68939468792237,2.691384367999288,2.70854494492579,2.707867756516165
traffic,128,16,traffic,7.642388382077448,7.817475174432292,7.758230807980412,7.758241527305322
huaweiCloud,128,16,datacenter1,4.2058862079128145,4.294153549317032,4.263218323909669,4.261076417209822
huaweiCloud,128,16,datacenter2,4.757240432196788,4.850389062095805,4.83193214908131,4.840546766953907
huaweiCloud,128,16,datacenter3,2.85163914900117,3.0091699155010545,2.998220429331665,2.991252386371702
huaweiCloud,128,16,datacenter4,2.839843675024686,2.8706392760837454,2.97767815454436,2.975381385015125

in domain RAG-leveling

ET,64,16,ETTh1,1.9449796685146068,1.959886793912079,1.940631492421506,1.9422483414971172
ET,64,16,ETTh1,0.04326053672278603,0.05420330396802903,0.05334904626527575,0.053343664629260525
ET,128,16,ETTh1,1.6586771739966297,1.6466024654078908,1.6548850186470219,1.656428944339653
ET,128,16,ETTh1,0.03093391435952923,0.03411009111646601,0.036825213855015713,0.03686459737362613
ET,64,16,ETTh2,1.9194248276655355,1.8771552315360964,1.8791364363451202,1.8808261740110521
ET,64,16,ETTh2,0.07353196197216204,0.07374844000626013,0.07530137217903372,0.0752984515527204
ET,128,16,ETTh2,1.6971625627572622,1.692685687503131,1.7262206524518606,1.7243979015213142
ET,128,16,ETTh2,0.057460011159082135,0.05854573166322914,0.058613699909926625,0.05854475980967871
ET,64,16,ETTm1,2.9587576303023715,3.0533260334535846,3.1236001930094837,3.1249430181939335
ET,64,16,ETTm1,0.04163032562758725,0.044190327661984184,0.04576432457674688,0.045801904292342946
ET,128,16,ETTm1,3.0214689301342244,3.033417687644471,3.0798031426813606,3.0817800431162454
ET,128,16,ETTm1,0.04339149192953313,0.0438082850797393,0.04623442549029806,0.04615522863569163
ET,64,16,ETTm2,3.316856115165238,3.3656068599659066,3.388371154438554,3.3895822363683537
ET,64,16,ETTm2,0.03969329710479494,0.03982985633533937,0.043367360626299915,0.04324973382040755
ET,128,16,ETTm2,3.4266174254123296,3.48118612515053,3.483764190405957,3.48904910893999
ET,128,16,ETTm2,0.03400337487434606,0.03537275345775576,0.03592522792228969,0.036049016672764694
power,64,16,power,2.3542763225355596,2.357851885117612,2.3743894776882795,2.375117939157923
power,64,16,power,0.008672333497016614,0.008919872190537291,0.008690810457716735,0.008705241371729271
power,128,16,power,2.2008565136023064,2.2135112685388836,2.2294652707922276,2.2291199285658543
power,128,16,power,0.007370985592583532,0.007349271402104526,0.007603717139383162,0.007607357000951286
covid19Deaths,128,16,covid19Deaths,13.88693853258023,14.498000344490478,14.220415325415487,14.227937512585513
covid19Deaths,128,16,covid19Deaths,0.0008198162274990744,0.000958467336430151,0.0008395728386595107,0.0008356953789308163
covid19Deaths,64,16,covid19Deaths,21.387230629339193,23.22580355188878,22.01419020477567,22.010727972885086
covid19Deaths,64,16,covid19Deaths,0.003683495029406802,0.005351802694150046,0.0036792580099761726,0.003693885318125301
electricityUCI,128,16,electricity,3.5896528428150836,3.4988281010970246,3.6299355447326658,3.6307279114535436
electricityUCI,128,16,electricity,0.268813130483445,0.262096506764483,0.2531980130694463,0.25517410161222376
electricityUCI,64,16,electricity,3.1537673901229764,3.224967675638205,3.3363326845663077,3.3374298500223856
electricityUCI,64,16,electricity,0.043972016513502396,0.052040463883170615,0.05857388079111188,0.05849213209604481
fredMd,128,16,fredMd,4.582919743495862,4.675274522664437,4.645981690397651,4.644268644233792
fredMd,128,16,fredMd,0.038535521387391046,0.03846055594750698,0.039991966313092986,0.041006398584693744
fredMd,64,16,fredMd,3.947926743295994,4.022971215500369,4.0130904194046755,4.0153548459491315
fredMd,64,16,fredMd,0.024722506314381575,0.02318171799659805,0.028633764928395446,0.027488240322734492
nn5,128,16,nn5,0.5950257158921428,0.5707100071927856,0.5729414229362243,0.573226185506299
nn5,128,16,nn5,0.35851250428917264,0.34194288276109575,0.3445492443217854,0.34435376198359374
nn5,64,16,nn5,0.613565501805107,0.6020765165494222,0.6021742792673889,0.6017104318870712
nn5,64,16,nn5,0.3785055014489273,0.3681931216879405,0.3689092617648918,0.36817876383389503
m4-monthly,128,16,m4-monthly,2.6899697603811736,2.69490183016129,2.7103682495322605,2.710809064588211
m4-monthly,128,16,m4-monthly,0.0787660207202533,0.07777392926952746,0.07939341121641333,0.07954376661436484
m4-monthly,64,16,m4-monthly,2.463614095562199,2.471143562057614,2.4685522809707003,2.4704046599774845
m4-monthly,64,16,m4-monthly,0.06005793107655743,0.060006259159503104,0.0607204766372732,0.060724356333757654
traffic,128,16,traffic,7.648976836212608,7.8194210680915415,7.7550420118539884,7.753322681603694
traffic,128,16,traffic,0.016321682371462552,0.016648554869759365,0.01615124648021948,0.016103280276438505
huaweiCloud,128,16,datacenter1,4.2070452501013715,4.292441414837429,4.262505575305961,4.260020032912418
huaweiCloud,128,16,datacenter1,0.06371499833261961,0.07241379294247531,0.06938816800652078,0.06923792182338002
traffic,64,16,traffic,7.744915082015044,8.04332266643641,7.939727406369735,7.943320498344208
traffic,64,16,traffic,0.013923776290199847,0.015431404852698474,0.015119275325041774,0.015208558658525752
huaweiCloud,128,16,datacenter2,4.757988993562014,4.8557322949051445,4.843943718658049,4.838190670411255
huaweiCloud,128,16,datacenter2,0.17864222443518576,0.18444205720123863,0.19407256355021568,0.19269314403587842
huaweiCloud,64,16,datacenter1,4.750031062444609,4.870929727878022,4.714896606655631,4.7171979198078855
huaweiCloud,64,16,datacenter1,0.05268498313463467,0.05831187856813851,0.054495987219565015,0.054247807027769844
huaweiCloud,128,16,datacenter3,2.845929937379384,3.0046765106587987,2.9885336640542466,2.9886773750745212
huaweiCloud,128,16,datacenter3,0.0008506477460909458,0.00083092200696681,0.0008411190186654029,0.0008376266157942887
huaweiCloud,64,16,datacenter2,22.130113869234165,22.20286472813136,22.146770136434878,22.149814068849622
huaweiCloud,64,16,datacenter2,0.09413164879630201,0.09747579535079408,0.11016044265671723,0.1108866360979062
huaweiCloud,128,16,datacenter4,2.837439866102347,2.871942463822502,2.974635500551399,2.971660675988952
huaweiCloud,128,16,datacenter4,5.453480096025013e-05,6.342138424851758e-05,8.479945319001123e-05,8.341906709019929e-05
huaweiCloud,64,16,datacenter3,3.4663535060519592,3.5403477046190246,3.515130076014289,3.5070794569190045
huaweiCloud,64,16,datacenter3,0.0016774036864023252,0.001523319875411859,0.0016328993230299246,0.0016342001437981701
huaweiCloud,64,16,datacenter4,18.23228096479865,18.274290552829264,18.36859204086833,18.366449584049732
huaweiCloud,64,16,datacenter4,8.936527722336671e-05,9.318804769163085e-05,0.00011881596328087722,0.0001199858241906921
ET,32,16,ETTh1,2.227478160096063,2.265668636852263,2.4268040183288884,2.4264544919920947
ET,32,16,ETTh1,0.048036015968741616,0.053753405986815106,0.07169822486225391,0.07181814240574208
ET,32,16,ETTh2,2.1920131575629127,2.2053496084309994,2.2748786570498787,2.2733214547162803
ET,32,16,ETTh2,0.08320851968077207,0.08805952931011693,0.09631516779731662,0.09606695466431085
ET,32,16,ETTm1,3.0573597771734216,3.0982830963191637,3.2113227047101565,3.2095472106079646
ET,32,16,ETTm1,0.03748944626289566,0.03709410351575246,0.040238941253017725,0.0401852337670988
ET,32,16,ETTm2,4.457589004026271,4.502445134692733,4.550968361642391,4.551423043700113
ET,32,16,ETTm2,0.035993074774534485,0.03683151233090509,0.03887045749966627,0.03886635716512066
power,32,16,power,2.509136612469997,2.493049509610782,2.7264108386843833,2.7265730798243593
power,32,16,power,0.008491424533861713,0.0086640150787473,0.012047290519694219,0.012064259593797743
covid19Deaths,32,16,covid19Deaths,26.640457191628297,27.684566027463806,27.357592092809938,27.36082154450861
covid19Deaths,32,16,covid19Deaths,0.0036841060248444216,0.005676838757460541,0.0035317252305218953,0.0035199658787473218
electricityUCI,32,16,electricity,5.135342261606068,5.204407163653143,5.5314004848890015,5.533501774550033
electricityUCI,32,16,electricity,0.3060466021552759,0.3011668622317842,0.2735198028616772,0.27487981758884916
fredMd,32,16,fredMd,4.167712205389992,4.3569049755351354,4.301384938056282,4.302704414982897
fredMd,32,16,fredMd,0.04243688853450736,0.03904928550276148,0.040398366338050114,0.04078892033419232
nn5,32,16,nn5,0.6707988854359573,0.6275550901534747,0.6615968965276064,0.6619613358317121
nn5,32,16,nn5,0.43204498823013454,0.3914474185653785,0.42637589566349143,0.42632343351042634
m4-monthly,32,16,m4-monthly,2.9263233477454667,2.959644699281175,2.957522461960405,2.9566687776984533
m4-monthly,32,16,m4-monthly,0.07751116224684053,0.07750152920473953,0.07918208905966788,0.07932448767698029
traffic,32,16,traffic,8.180415132212323,8.512037798894422,8.467941873481053,8.460318705248335
traffic,32,16,traffic,0.016693370130406355,0.018025754260913143,0.017357201806812588,0.017332096611683532
huaweiCloud,32,16,datacenter1,4.584913397614376,4.808179514404185,4.723704838978521,4.730652138927324
huaweiCloud,32,16,datacenter1,0.06800793332014353,0.07128116691052096,0.08409291814225557,0.08484085554844074
huaweiCloud,32,16,datacenter2,4.981222606017372,5.099692987595169,5.085618740296262,5.089355901056055
huaweiCloud,32,16,datacenter2,0.1411305543174136,0.15236653478610793,0.1574299309041724,0.15955307306173136
huaweiCloud,32,16,datacenter3,2.719564329731863,2.8217750134677226,2.879194117034797,2.876976752175246
huaweiCloud,32,16,datacenter3,0.0009873572600486982,0.0010229492040601156,0.0015971299503924684,0.0015929320147216317
huaweiCloud,32,16,datacenter4,18.35487683878331,18.322014821087855,18.359490646895253,18.36274055903712
huaweiCloud,32,16,datacenter4,0.00011985669149762419,0.0001246496601902841,0.000135566619419566,0.00013487362477128438

ET,64,16,ETTh1,1.943566455760474,1.9566443467029415,1.9448241792568042,1.9841043657351571
ET,64,16,ETTh1,0.0432754228057095,0.054004008660427164,0.05342457632552694,0.05662555039071938
ET,128,16,ETTh1,1.6593673862959095,1.6430104258646387,1.6560649464508554,1.648059487526932
ET,128,16,ETTh1,0.030854688306700562,0.03405570002268197,0.036863550837243075,0.03466763263112894
ET,64,16,ETTh2,1.9165947571761486,1.8801246019463882,1.8832775668551665,1.8950404692971643
ET,64,16,ETTh2,0.0731643909195864,0.07362453501737695,0.07545416742676321,0.07536201526999337
ET,128,16,ETTh2,1.695427918963149,1.6894750242967456,1.7270723226614197,1.7068512818533443
ET,128,16,ETTh2,0.057311790830701245,0.05847883788723704,0.0583604178281207,0.058092770984221616
ET,64,16,ETTm1,2.9575280998323716,3.053283826228036,3.1259398229361066,3.051565085431093
ET,64,16,ETTm1,0.04161849971335504,0.04422577914220495,0.04586634925238432,0.04429629676635912
ET,128,16,ETTm1,3.0155942523125767,3.0333206871123433,3.0789735766521478,3.0603774521420597
ET,128,16,ETTm1,0.043148045613929105,0.043842598709116595,0.04596883811572788,0.044321612750123356
ET,64,16,ETTm2,3.3175986537992523,3.3636305416179777,3.386811093505383,3.375113847168025
ET,64,16,ETTm2,0.039580993096040185,0.03990595855033875,0.04300223523316456,0.04119587993736127
ET,128,16,ETTm2,3.4245023545130246,3.4817060474789865,3.4864446778798768,3.495316899591968
ET,128,16,ETTm2,0.03391365908943786,0.03534671763827611,0.03585170856148031,0.03579858458892444
power,64,16,power,2.3543251890572257,2.3562061313247455,2.3752107603081174,2.3920588042814495
power,64,16,power,0.008673073368221037,0.00891599727017962,0.008709405898053284,0.00927776091089944
power,128,16,power,2.2000810524722727,2.213581761773656,2.229776872139542,2.213620974916156
power,128,16,power,0.007346364121113813,0.007353135599377054,0.007598297012765911,0.007417013335583681
covid19Deaths,128,16,covid19Deaths,13.881173715921735,14.480060863931048,14.204599820579963,14.139762591909644
covid19Deaths,128,16,covid19Deaths,0.0008380088421907016,0.0009361353185698107,0.0008441643891483039,0.0009685487022854741
covid19Deaths,64,16,covid19Deaths,21.395428170738246,23.235654910075695,22.030380857624543,21.67045798777894
covid19Deaths,64,16,covid19Deaths,0.0037193384238156345,0.0052163581180194605,0.003706559325585793,0.003934738913543621
electricityUCI,128,16,electricity,3.589083066314556,3.4998711445321504,3.6307365171577,3.6881163259633865
electricityUCI,128,16,electricity,0.2689794912632009,0.264348558837637,0.2557522858651363,0.2776511847375674
electricityUCI,64,16,electricity,3.1553344823011287,3.225184582043367,3.333695851571512,3.2158561814499604
electricityUCI,64,16,electricity,0.044712973259438335,0.051413625159346055,0.05820175835895268,0.051605462942515314
fredMd,128,16,fredMd,4.581910497136536,4.679070537378094,4.644670210189502,4.607792851293252
fredMd,128,16,fredMd,0.038353687662173834,0.03899331987564068,0.04127887126643561,0.04169439801092735
fredMd,64,16,fredMd,3.948404526195857,4.025864491149975,4.011759656136739,3.9358001952033295
fredMd,64,16,fredMd,0.02443711750564494,0.02330285366484098,0.027127667638777525,0.025727225344396146
nn5,128,16,nn5,0.5947179223854042,0.5709821210414194,0.5728739644992905,0.5760469663162635
nn5,128,16,nn5,0.3581727885139866,0.34232730852693316,0.34506427132451417,0.34902928051643756
nn5,64,16,nn5,0.6135299736965573,0.6015578973200402,0.6017265569108372,0.6130784924115377
nn5,64,16,nn5,0.37820360141922477,0.367806266579416,0.3682621322249025,0.3778501363389365
m4-monthly,64,16,m4-monthly,2.463486505559673,2.4707682687240897,2.470172033618818,2.453778047619194
m4-monthly,64,16,m4-monthly,0.060377157240457134,0.05994674994472945,0.06059093731922119,0.059153981849671695
m4-monthly,128,16,m4-monthly,2.6890206057723187,2.6940048568445416,2.7103004575191454,2.689926366651921
m4-monthly,128,16,m4-monthly,0.07868961661005418,0.07779683030212642,0.07931574789686642,0.07837485335919599
traffic,128,16,traffic,7.649106919616127,7.816595321513163,7.751551462828826,7.654198076544013
traffic,128,16,traffic,0.0163446287085699,0.01659251393760378,0.016179259799230194,0.016387692707642513
traffic,64,16,traffic,7.742342832787709,8.03927241991296,7.948830343580749,7.821444873645211
traffic,64,16,traffic,0.014018305061895771,0.015417155084045807,0.015144123247419986,0.013980392037683182
huaweiCloud,128,16,datacenter1,4.204232221514475,4.292247177511955,4.2623959774036955,4.215528247986161
huaweiCloud,128,16,datacenter1,0.06390093551906281,0.07253031820408537,0.06991952695582218,0.06809409066040088
huaweiCloud,64,16,datacenter1,4.756523984899973,4.87260422915978,4.718433178945118,4.8094060625928385
huaweiCloud,64,16,datacenter1,0.053137851639224166,0.05832201933906349,0.05437138078831701,0.05884413029768259
huaweiCloud,128,16,datacenter2,4.760816250379219,4.8497580650073795,4.844493074921984,4.7987904718792
huaweiCloud,128,16,datacenter2,0.17846763296576948,0.17363532237692844,0.18171972483139273,0.18163676989899194
huaweiCloud,64,16,datacenter2,22.134023324166748,22.197623157843143,22.155461924305992,22.125469435632844
huaweiCloud,64,16,datacenter2,0.09461168176636124,0.09686430715544272,0.1100944058049683,0.10217451212754895
huaweiCloud,128,16,datacenter3,2.8492031095809813,3.0024439175664988,2.9924798788243825,2.940582547932706
huaweiCloud,128,16,datacenter3,0.0008480807092577095,0.0008224752251139281,0.0008479259938851039,0.0008252525703001968
huaweiCloud,64,16,datacenter3,3.459585609625603,3.539471676701853,3.51638198193819,3.491381144501816
huaweiCloud,64,16,datacenter3,0.0016677035405068435,0.0015384995365607486,0.00162856854909629,0.0017171854941228453
huaweiCloud,128,16,datacenter4,2.837656092385314,2.866611980925114,2.9709653683246398,2.9000634088009787
huaweiCloud,128,16,datacenter4,5.4567798137210546e-05,6.254918205914891e-05,8.229411521501678e-05,6.483419689212185e-05
huaweiCloud,64,16,datacenter4,18.212119415976044,18.27670396266711,18.36414733487472,18.214598289870924
huaweiCloud,64,16,datacenter4,8.858136701333027e-05,9.28827357467562e-05,0.00011890958535410004,0.0001001125566553567
ET,32,16,ETTh1,2.2290248588943324,2.2604512258902556,2.4258614904839177,2.25671398312628
ET,32,16,ETTh1,0.04799070873888216,0.053884995629656374,0.07192600722729467,0.053679676188454754
ET,32,16,ETTh2,2.19701149559617,2.2048252522510414,2.275287756370064,2.2130703363378617
ET,32,16,ETTh2,0.08344945010184267,0.08805406321222732,0.096566644832869,0.09014680116928338
ET,32,16,ETTm1,3.058853698640244,3.0959338852635896,3.2105525198467117,3.1382159449050673
ET,32,16,ETTm1,0.03722396033005066,0.03691726851497401,0.040314621601936024,0.03695808431646066
ET,32,16,ETTm2,4.453659968899707,4.502528039226574,4.551359515080709,4.468900724327508
ET,32,16,ETTm2,0.03606910680452027,0.03678957347316792,0.03886636935578615,0.03717509547825091
power,32,16,power,2.508514894477325,2.4928475620764985,2.7258614040818037,2.531980899143234
power,32,16,power,0.008500347168098768,0.008689399511409896,0.01199860747514262,0.009025596841073508
covid19Deaths,32,16,covid19Deaths,26.655158678336484,27.6870337187808,27.36867943137019,26.072169359283514
covid19Deaths,32,16,covid19Deaths,0.0036784108023278964,0.005715527278265211,0.00349262952312445,0.0027591764071162373
electricityUCI,32,16,electricity,5.136672792267662,5.204160825571134,5.533139836672368,5.283989330659657
electricityUCI,32,16,electricity,0.30114987949147776,0.3002753423027924,0.2769289101056319,0.2597362119313513
fredMd,32,16,fredMd,4.169751678686439,4.358191848661235,4.3027163568015565,4.136223956141082
fredMd,32,16,fredMd,0.04255717564726184,0.03921289802606592,0.040507721697283186,0.04073461985737634
nn5,32,16,nn5,0.6704506808913123,0.6277122359856632,0.6611232605435193,0.66550964549301
nn5,32,16,nn5,0.4319809354411099,0.39161948505760313,0.4253707923953712,0.42558215731158655
m4-monthly,32,16,m4-monthly,2.9269703384705132,2.9572534290468337,2.9576488948289796,2.935790314939601
m4-monthly,32,16,m4-monthly,0.07755721144195393,0.07733752205151787,0.07925511482440341,0.07985398060129459
traffic,32,16,traffic,8.183669605050683,8.509817195993962,8.469686950057358,8.179181293327828
traffic,32,16,traffic,0.016726646882760605,0.018069711155661927,0.01739196244561063,0.016321051768520434
huaweiCloud,32,16,datacenter1,4.582544331895979,4.8053355302885725,4.730086703001589,4.531185237607901
huaweiCloud,32,16,datacenter1,0.0695065025093831,0.06994693648591563,0.08368414875858098,0.07000653216665358
huaweiCloud,32,16,datacenter2,4.98137614789395,5.09858241023995,5.08935429058306,4.948040109988133
huaweiCloud,32,16,datacenter2,0.14256538550006512,0.15368659236316334,0.15889854073091947,0.14964627757539903
huaweiCloud,32,16,datacenter3,2.721452240713003,2.8192792555631034,2.874069794592791,2.7301584213936776
huaweiCloud,32,16,datacenter3,0.0009745161518360305,0.0010153674912472739,0.0016060701151936981,0.0012882620111229351
huaweiCloud,32,16,datacenter4,18.35987367751563,18.32272600256795,18.360566420718897,18.353000055886188
huaweiCloud,32,16,datacenter4,0.0001201210957364796,0.0001248483522153992,0.000134450548527424,0.00012127419125251748

### using train dataset
ET,32,16,ETTh1,2.527709011739972,2.4446146672447164,2.428497556274212,2.4966597324663624
ET,32,16,ETTh1,0.0836721418276534,0.08223841018528469,0.0720562536156859,0.0824453734810917
ET,64,16,ETTh1,2.1425961723161056,1.9616674320320262,1.943121180921553,1.9771688924055157
ET,64,16,ETTh1,0.066669241107711,0.05711974993490774,0.05358011755932478,0.05536384961281646
ET,32,16,ETTh2,2.418782793593439,2.312620184782831,2.270842486775221,2.337050526234734
ET,32,16,ETTh2,0.10616181842832893,0.09920172789625435,0.09626400806198578,0.10128793885694734
ET,64,16,ETTh2,1.9901031400389353,1.8814764351359492,1.88209928854657,1.8971370001612173
ET,64,16,ETTh2,0.07766967500564458,0.07581804783116551,0.07564730179875985,0.07545427905020839
ET,32,16,ETTm1,3.118474952996033,3.15317913244656,3.2096675444167317,3.1688022479584452
ET,32,16,ETTm1,0.03929750042163257,0.039196627792917764,0.04018669400784104,0.0396615694231789
ET,64,16,ETTm1,3.0280378249177877,3.088757877284874,3.124465012084174,3.0963983649885467
ET,64,16,ETTm1,0.04677971814848539,0.045410130182616144,0.04595706835001595,0.046278374610520964
ET,32,16,ETTm2,4.527551927110711,4.495366864814644,4.543581740078966,4.485042929307342
ET,32,16,ETTm2,0.03839777068195693,0.03908984832835833,0.038841780031252215,0.03987289766363423
ET,64,16,ETTm2,3.379158664332125,3.4039231307427102,3.3877495041429855,3.3899702543580728
ET,64,16,ETTm2,0.04021680604186345,0.041561597971799494,0.042781654752333434,0.04169212872715157
power,32,16,power,3.5012483568954904,2.796638656768265,2.7271296754268155,2.911702287605151
power,32,16,power,0.038108212126080857,0.013600102217021046,0.011966233078675646,0.015525061843776106
power,64,16,power,2.7779673098227473,2.364911362714284,2.3738362644553748,2.3904254593072873
power,64,16,power,0.019064835025204487,0.008826251541481013,0.008678662978044135,0.009275255292773725
covid19Deaths,32,16,covid19Deaths,28.2870147358879,28.026639709869126,27.36529104764472,27.419549610483482
covid19Deaths,32,16,covid19Deaths,0.004057906512533905,0.0039604933807103684,0.0035386231309431455,0.003664218323175913
covid19Deaths,64,16,covid19Deaths,23.41716800428103,23.37284031727829,22.016928245298036,22.837320157714444
covid19Deaths,64,16,covid19Deaths,0.0037258797608555523,0.004709109548079446,0.00367548944605296,0.003900684386255869
electricityUCI,32,16,electricity,5.258433822895453,5.405825084161402,5.533626007668642,5.391732367769165
electricityUCI,32,16,electricity,0.34073420368410046,0.2894678152215673,0.2740482699386834,0.2912664627224698
electricityUCI,64,16,electricity,3.2863057050299362,3.307568282090467,3.3337263612639996,3.2840462485646023
electricityUCI,64,16,electricity,0.054144342283122,0.05790098905669585,0.05760912800870482,0.05335672315715167
fredMd,32,16,fredMd,4.744865589887716,4.371197188215399,4.301357908344312,4.288818141805499
fredMd,32,16,fredMd,0.04543804859137451,0.04755237404216921,0.04070103593477617,0.046433857961368556
fredMd,64,16,fredMd,4.31280503001898,4.053165688164717,4.013605729304476,4.045823961543229
fredMd,64,16,fredMd,0.026997261997812688,0.025101456547765928,0.02771208269062492,0.024957527727890522
nn5,32,16,nn5,0.8330167317383126,0.7010686478866925,0.6610489221361371,0.7210355376105559
nn5,32,16,nn5,0.6110214623390053,0.46900342166936754,0.4249593431101161,0.4946756696854737
nn5,64,16,nn5,0.6952757543599735,0.6159253330745285,0.6022166092461242,0.6223477215766776
nn5,64,16,nn5,0.4501840802577979,0.37982709947048426,0.3687264331700967,0.38546770235243155
m4-monthly,32,16,m4-monthly,3.2528114641862924,2.960547327795369,2.958414514303598,2.9685360994551884
m4-monthly,32,16,m4-monthly,0.08699411079324877,0.08096914358569635,0.0791966754557419,0.07944069300442382
m4-monthly,64,16,m4-monthly,2.6404764044952507,2.500880621770739,2.4703136547561915,2.475775623508552
m4-monthly,64,16,m4-monthly,0.06486196990340297,0.06061175313953446,0.060701608224043906,0.05984798729759767
traffic,32,16,traffic,8.566057852316936,8.738989481025955,8.471049748878519,8.456593804221695
traffic,32,16,traffic,0.01765865399668545,0.02047031059986518,0.01742269280631312,0.019214128273798165
huaweiCloud,32,16,datacenter1,4.618767393427674,4.768583995966473,4.732917619031002,4.641428963686483
huaweiCloud,32,16,datacenter1,0.08391433188594281,0.07501171640995452,0.08537767946723553,0.09001535270789807
traffic,64,16,traffic,7.9072573262831005,8.08516673052958,7.947336119526134,7.957358226080954
traffic,64,16,traffic,0.014537796752962925,0.01585582103149261,0.015246156650035305,0.015949657125156058
huaweiCloud,32,16,datacenter2,5.033873557324308,5.10192374373832,5.087079720260177,5.042945610444975
huaweiCloud,32,16,datacenter2,0.13413539430162286,0.1573798790037489,0.15815260015796784,0.15864749177629114
huaweiCloud,64,16,datacenter1,4.7776005661065035,4.779394142156474,4.718160026198669,4.690419871065584
huaweiCloud,64,16,datacenter1,0.05812686943482118,0.05331605901935223,0.054035501550066395,0.05217864704851059
huaweiCloud,32,16,datacenter3,2.8705230266351633,2.885261947287106,2.8737990497946297,2.837608662836248
huaweiCloud,32,16,datacenter3,0.0017859680691016183,0.0014712544539266005,0.0015980535914909733,0.0015305847773329827
huaweiCloud,64,16,datacenter2,22.20313886403162,22.217561966176756,22.153148125366197,22.140651020648313
huaweiCloud,64,16,datacenter2,0.12039191632358463,0.11494929515919905,0.10917748969746226,0.11039820809811202
huaweiCloud,32,16,datacenter4,18.328674135591825,18.332593799551066,18.360042103515926,18.30165797398639
huaweiCloud,32,16,datacenter4,0.00012496761015965397,0.00014162490436366346,0.0001352907547533826,0.00013518990517759778
huaweiCloud,64,16,datacenter3,3.5241746650831933,3.561406621284258,3.5105562174482534,3.485180713463007
huaweiCloud,64,16,datacenter3,0.002035831206027815,0.0017585758391169457,0.0016277113717425643,0.0017606179729169704
huaweiCloud,64,16,datacenter4,18.293600660989313,18.2804848146494,18.366854480751545,18.281324534481005
huaweiCloud,64,16,datacenter4,0.00010961603952525354,9.787378075541058e-05,0.00011894186016846693,0.00010401277467669876
ET,128,16,ETTh1,1.7815696547126179,1.6647564805007775,1.6573470977540816,1.662682810125879
ET,128,16,ETTh1,0.04413254328885143,0.03688289989670464,0.03685738867510504,0.03756278195155702
ET,128,16,ETTh2,1.7898412592625255,1.716914055136857,1.7273563006795212,1.7436850398835742
ET,128,16,ETTh2,0.06330812897590234,0.060307409699722626,0.058592134895828804,0.06086033868593499
ET,128,16,ETTm1,3.0384581153671717,3.0569697265686173,3.0786586427609035,3.0646954071638564
ET,128,16,ETTm1,0.04380752812432165,0.046006363175350354,0.04609008246240486,0.04617895460757828
ET,128,16,ETTm2,3.4560031038101444,3.4832087707750072,3.4864189004171826,3.4899449893407692
ET,128,16,ETTm2,0.03456812172545749,0.0357324281599411,0.03593358936187369,0.03576183811709906
power,128,16,power,2.3797824322305994,2.2357870964986715,2.2292530114838627,2.2662763817775993
power,128,16,power,0.010874784921711478,0.007681087997318696,0.007606298361275353,0.00796020112453952
covid19Deaths,128,16,covid19Deaths,14.795331073724052,14.35578714563214,14.217218020195753,14.278723241680852
covid19Deaths,128,16,covid19Deaths,0.001059799493188729,0.0008680498467035084,0.0008270284381371734,0.0008510383930469827
electricityUCI,128,16,electricity,3.672198917633687,3.652268432342617,3.6319654134988295,3.639501613703349
electricityUCI,128,16,electricity,0.27689763823398456,0.27419981927841525,0.25461208378997935,0.27234523466002863
fredMd,128,16,fredMd,4.860648912740828,4.651647970702851,4.6448328751347905,4.667392078224882
fredMd,128,16,fredMd,0.04003848929509388,0.03906407735590773,0.04030643742784337,0.040686884779062626
nn5,128,16,nn5,0.6383409580474693,0.5821610667739704,0.5727926896180953,0.5842101071077727
nn5,128,16,nn5,0.39387878096611056,0.35551002397880427,0.34433549599265173,0.3568014025695764
m4-monthly,128,16,m4-monthly,2.8256329591545897,2.7142895698506138,2.7111157191368402,2.719332594308064
m4-monthly,128,16,m4-monthly,0.08382959984942809,0.07807419087812098,0.07961540387617409,0.0802616700534427
traffic,128,16,traffic,7.759719918317708,7.8071587738027715,7.757562575772101,7.759221914702956
traffic,128,16,traffic,0.016438044047597532,0.017668659227097188,0.01623656628709959,0.01697191678865712
huaweiCloud,128,16,datacenter1,4.279241669684955,4.38881321377111,4.252987796663731,4.291824538524491
huaweiCloud,128,16,datacenter1,0.06558766564369589,0.07683255002442568,0.06738850493310515,0.06928609908621138
huaweiCloud,128,16,datacenter2,4.890990447708394,4.846250102668089,4.844710121819951,4.836312019546018
huaweiCloud,128,16,datacenter2,0.21420415580684685,0.14941538807538474,0.18787100704305376,0.1838932609467184
huaweiCloud,128,16,datacenter3,3.017027113096484,3.0346833743854904,2.9920346877320965,3.0375369488488677
huaweiCloud,128,16,datacenter3,0.001116085634588298,0.0008788515018926138,0.000843826785825037,0.0008964509245696833
huaweiCloud,128,16,datacenter4,2.9289676688035264,2.91733246567272,2.971007351585909,2.8859041326395265
huaweiCloud,128,16,datacenter4,8.031601063977971e-05,7.002309239358617e-05,8.242090528386072e-05,6.446081669717815e-05

# chronos

ET,32,16,ETTh1,2.090164898198362,2.0270394081030707
ET,32,16,ETTh1,0.041349856382680454,0.044167790811909934
ET,64,16,ETTh1,1.8482944027563306,1.735992151893906
ET,64,16,ETTh1,0.041758524754455024,0.03603147639483565
ET,128,16,ETTh1,1.5122125822880752,1.5101115248989725
ET,128,16,ETTh1,0.027526818334131304,0.028407146068163035
ET,32,16,ETTh2,2.1130247406760283,2.0585887943148973
ET,32,16,ETTh2,0.08004116656602871,0.07828046963137558
ET,64,16,ETTh2,1.8347797116827842,1.8266318587149422
ET,64,16,ETTh2,0.07068689159763569,0.06495436178362882
ET,128,16,ETTh2,1.5923456775963087,1.6085378009647957
ET,128,16,ETTh2,0.05260711060268763,0.05442638147908683
ET,32,16,ETTm1,3.0794930982272337,3.2417290821042735
ET,32,16,ETTm1,0.03695117610554446,0.046047214305053444
ET,64,16,ETTm1,2.9709350262626746,3.118571230522726
ET,64,16,ETTm1,0.03931374990594782,0.04643989404366191
ET,128,16,ETTm1,2.727237069693365,2.599560589594061
ET,128,16,ETTm1,0.030485721261985815,0.026754383891489476
ET,32,16,ETTm2,4.512989594417003,4.560776708547566
ET,32,16,ETTm2,0.035759449195901565,0.03701552050209784
ET,64,16,ETTm2,3.2826650737480434,3.3453328524908033
ET,64,16,ETTm2,0.038067621701774884,0.0404658974342499
ET,128,16,ETTm2,3.3040882043412427,3.2503213752100066
ET,128,16,ETTm2,0.02940970476063943,0.02848029982031498
power,32,16,power,2.4390003040583674,2.4024854033393184
power,32,16,power,0.007970837390145103,0.007977771385245557
power,64,16,power,2.3719245440196364,2.3037014102924878
power,64,16,power,0.009772490493540158,0.00719858261431624
power,128,16,power,2.106612201197573,2.1136834811965857
power,128,16,power,0.006245991966483058,0.005785235259123647
covid19Deaths,128,16,covid19Deaths,15.918563988712291,15.363288698880842
covid19Deaths,128,16,covid19Deaths,0.005664875651119422,0.0022132914326381805
covid19Deaths,32,16,covid19Deaths,26.893196729414015,30.200717855979022
covid19Deaths,32,16,covid19Deaths,0.005765278081237218,0.005811404217967816
covid19Deaths,64,16,covid19Deaths,24.29092624348194,21.86243442835938
covid19Deaths,64,16,covid19Deaths,0.006685712159270372,0.002627000176892651
electricityUCI,128,16,electricity,2.286073692843303,1.53123345285932
electricityUCI,128,16,electricity,0.041224320705093694,0.018957284313920665
electricityUCI,32,16,electricity,4.956803058611041,5.985842952351822
electricityUCI,32,16,electricity,0.2793716892325023,0.31131052925102265
electricityUCI,64,16,electricity,3.12808093041523,2.6303601399055907
electricityUCI,64,16,electricity,0.03624765514594002,0.03715983481689091
fredMd,128,16,fredMd,5.751050332345261,4.896176028149569
fredMd,128,16,fredMd,0.0322374690716815,0.03217858084823674
fredMd,32,16,fredMd,4.553161875108411,4.981992246247916
fredMd,32,16,fredMd,0.04052782963735821,0.04238799803924158
fredMd,64,16,fredMd,4.3515150722463325,4.416695652494176
fredMd,64,16,fredMd,0.0171105743661913,0.018383273643276625
nn5,32,16,nn5,0.8025290779330657,0.7605264241863743
nn5,32,16,nn5,0.566201066632437,0.5120887417865359
nn5,128,16,nn5,0.5850994577045898,0.5732359178238499
nn5,128,16,nn5,0.3880106513584278,0.36159476085611486
nn5,64,16,nn5,0.7044425549700115,0.6273013016801633
nn5,64,16,nn5,0.45239070241865864,0.3906866339318837
m4-monthly,32,16,m4-monthly,3.0576671859394065,3.2236897931943624
m4-monthly,32,16,m4-monthly,0.07860982568635341,0.08206452299432533
m4-monthly,128,16,m4-monthly,2.910855459838025,2.7206080389846337
m4-monthly,128,16,m4-monthly,0.07791987242019534,0.07603875911987297
m4-monthly,64,16,m4-monthly,2.574143695631888,2.612368926162711
m4-monthly,64,16,m4-monthly,0.05891820927581316,0.06057637869850761
traffic,32,16,traffic,8.260127530619835,9.087792518318027
traffic,32,16,traffic,0.017919343911598412,0.020543306750881247
huaweiCloud,32,16,datacenter1,4.873329483926074,4.757946758538448
huaweiCloud,32,16,datacenter1,0.06387970574139272,0.06935418672183467
traffic,128,16,traffic,8.243722581094268,8.148786852277855
traffic,128,16,traffic,0.016356976606539692,0.015977467499528872
huaweiCloud,32,16,datacenter2,5.0552848132764945,5.213301650602211
huaweiCloud,32,16,datacenter2,0.15553311911647738,0.17853127564779717
huaweiCloud,128,16,datacenter1,4.552717967978533,4.737423329985723
huaweiCloud,128,16,datacenter1,0.08515765273056886,0.10003960057095468
traffic,64,16,traffic,8.005108539206507,8.256365500752805
traffic,64,16,traffic,0.015354876508483908,0.018013995147728855
huaweiCloud,32,16,datacenter3,2.5884891148344344,2.974907788533476
huaweiCloud,32,16,datacenter3,0.00335381991963433,0.003798079838080132
huaweiCloud,128,16,datacenter2,4.93017276295507,5.018513943041718
huaweiCloud,128,16,datacenter2,0.1355664499039844,0.19124650021259548
huaweiCloud,64,16,datacenter1,4.873531852305372,4.918912862279109
huaweiCloud,64,16,datacenter1,0.06002679582937712,0.05764201621108847
huaweiCloud,32,16,datacenter4,18.684029871246924,18.397118411543392
huaweiCloud,32,16,datacenter4,0.00011735552955623003,0.0001409958938884888
huaweiCloud,128,16,datacenter3,2.963785733488681,3.1274363361804367
huaweiCloud,128,16,datacenter3,0.0028024701540427556,0.0031524862266892654
huaweiCloud,64,16,datacenter2,22.219916047955884,22.450121691173173
huaweiCloud,64,16,datacenter2,0.10272544629287875,0.12404616498743835
huaweiCloud,128,16,datacenter4,2.894543858608308,2.9624388767595757
huaweiCloud,128,16,datacenter4,6.343144587771357e-05,9.40810086284556e-05
huaweiCloud,64,16,datacenter3,3.5313046210448293,3.591986295517502
huaweiCloud,64,16,datacenter3,0.003868642303817854,0.003873771062481684
huaweiCloud,64,16,datacenter4,18.267072184302116,18.405738707630885
huaweiCloud,64,16,datacenter4,9.19792995428421e-05,0.00012265460936820591
